-3
7
-3
-17
2
7
1
-7
1
-3
1
0
7
-8
2
7
0
5
-6
3
3
3
-15
7
5
-7
-15
5
3
-6
3
-2
13
-8
12
0
-1
-2
-4
5
-5
-4
-4
-2
2
-2
1
-3
7
-13
-4
-5
2
-1
4
5
-3
0
11
-7
-1
6
-1
-3
1
-2
-14
-9
-3
-6
-5
-6
0
7
8
-3
6
3
5
4
2
-4
2
5
-6
-7
2
2
1
0
-4
-4
-2
12
12
0
-9
4
0
3
2
5
-4
-3
-4
1
-1
2
-23
3
-4
1
-5
0
-1
5
1
1
10
12
-8
-13
-12
6
-2
8
-2
-1
-6
0
-7
-5
6
3
1
8
2
3
-11
-5
-12
1
-3
3
-4
-1
12
-2
-1
3
0
-1
3
7
3
2
-7
-12
-13
3
8
2
-3
-3
-2
7
-4
-7
-2
-7
2
0
-5
0
-2
7
5
-7
-2
7
-10
8
1
4
-1
7
3
1
5
-5
-1
-5
11
5
3
-5
-7
5
2
-2
6
-4
2
-5
7
-5
-6
-5
10
-1
3
8
-10
-2
-8
-2
