-9
3
-4
9
1
1
0
9
-3
-5
-6
-5
-5
-8
2
-2
2
1
-3
-1
-5
-5
2
3
4
5
-4
-2
-2
-3
3
-1
-4
-5
1
-2
3
15
6
-3
-7
-5
-4
-1
-10
-5
1
6
-7
14
-1
3
2
6
-4
-4
7
-2
5
3
5
-7
-7
-4
-4
0
0
0
-3
-12
-4
1
-3
6
7
1
-5
-4
-8
6
8
10
6
-7
-10
0
9
2
-8
2
2
-4
-11
-10
-14
-9
3
-3
-3
5
4
2
-11
1
8
0
-2
0
-3
4
2
-11
6
2
-1
10
1
7
8
8
1
13
8
-2
-6
-2
1
0
-3
0
-4
-2
1
-4
-2
7
1
-12
-5
-12
6
-2
-2
7
10
8
2
12
2
4
0
5
5
-2
1
-9
7
3
-20
-1
-4
-7
-2
7
5
-2
4
-8
7
-4
1
2
-6
3
5
6
11
5
6
12
-8
6
-1
-10
-3
-5
-8
-4
-10
-2
-6
-5
5
10
16
2
-8
-15
-7
-10
-6
5
4
4
3
0
0
0
-8
-5
-1
2
5
-4
1
2
