3
-10
-8
2
-12
4
-2
2
-5
-1
9
5
5
-2
-2
5
2
-7
1
11
-12
-5
-1
2
-5
2
5
-1
-11
1
-4
7
6
1
-1
-3
1
0
-6
5
7
3
4
10
4
1
-1
3
-5
-2
-1
2
1
-8
-2
14
-2
-4
0
4
-11
-2
0
-1
6
-2
1
-14
-11
-5
3
3
-2
-4
8
6
0
4
-14
-6
5
7
7
3
3
2
4
4
5
-5
5
-11
-6
0
-10
5
2
1
-4
-5
3
5
2
4
-6
-1
-5
5
-7
9
-3
-10
2
-1
3
-10
-2
-1
6
2
-7
-7
2
3
1
-6
-5
-3
6
6
-3
1
8
6
-10
3
6
2
0
1
-1
1
-4
2
5
-4
-3
1
5
2
3
-3
-2
1
-13
3
-4
6
-6
-3
-1
6
3
-9
7
-5
-13
7
-15
1
1
-1
2
5
-5
-8
5
-2
1
-4
1
-1
-7
-3
6
-2
7
-2
-6
-13
3
-6
6
5
1
3
2
-6
-7
0
2
-3
7
-13
11
5
5
-2
4
1
-5
6
-7
0
3
-5
8
-6
-10
3
-12
2
-3
-3
-1
-6
-2
-7
0
6
3
-4
3
-4
-11
2
-20
7
0
2
-3
-4
-1
-5
-10
2
-9
6
-1
1
1
-6
-11
8
4
3
2
-3
-3
-3
-5
-2
3
-8
-5
6
-2
-3
1
-3
5
6
5
-6
-11
8
-6
-1
7
2
-5
1
7
0
-1
-4
5
-6
5
-3
7
-9
-7
0
7
-1
-1
3
2
-4
-6
-3
1
7
-3
-9
7
6
-2
1
-1
-8
1
-5
1
-2
2
-5
5
4
-3
3
4
0
-2
3
-6
-2
5
-4
7
2
4
5
-6
-4
-4
0
-2
2
2
4
-4
-1
4
-8
-5
-4
-10
-3
-9
-1
6
3
1
6
6
1
1
-2
