0.07673445
-0.06898503
-0.02843072
0.23475698
-0.15037644
0.03794231
-0.04682779
-0.22146793
-0.12304331
0.12698209
0.37679017
0.07731206
-0.00571772
0.09052783
0.02344521
-0.22249514
-0.04449662
-0.00703773
-0.14732504
-0.10694782
-0.02249199
-0.09986405
0.05935461
0.19024083
-0.35562184
0.08080620
0.04253929
-0.01269375
-0.02210879
0.00369292
0.03534622
-0.05392116
-0.36331135
0.02641877
0.15080041
0.13527010
-0.23471184
0.03407284
0.06996308
-0.33736116
-0.06041887
-0.03322284
-0.13461681
0.08258874
0.01517525
-0.30935571
0.22527374
-0.01303415
0.21471605
0.25710595
0.09009806
0.16157037
-0.27804902
-0.09378946
0.07361555
0.06512471
-0.07173219
-0.13216516
0.29509130
0.52496749
-0.25609100
-0.06197476
-0.07105117
0.23648702
-0.15595223
-0.20327903
0.38822025
0.19774957
-0.05320288
-0.07597404
0.18829465
0.15413554
-0.02634244
0.16221416
-0.18913122
-0.06952525
-0.32186204
-0.04046766
-0.03018242
-0.18585084
-0.19560649
-0.04234966
-0.48960498
-0.34216002
-0.19182771
-0.08445323
0.10965592
0.05354007
0.13086973
0.06474883
0.06197287
0.14908415
-0.04742068
-0.14380632
-0.18843856
-0.07885078
-0.08299942
-0.11848453
-0.19551419
0.14947584
0.23988916
-0.04395655
0.09710889
-0.03300660
-0.29415956
0.20320779
0.19247407
0.10875113
-0.14358737
-0.55808514
-0.09493673
-0.22633491
-0.37448108
-0.11851927
0.06763788
0.09634442
-0.17616950
0.11243796
-0.20331120
-0.05830362
0.11507285
-0.39787433
-0.04118486
0.16906932
-0.25068936
0.08721755
0.15999371
0.06492566
0.24851160
-0.07382817
-0.16552998
0.27435306
-0.21617383
0.07316936
0.16093357
-0.14657281
-0.27848914
-0.02697067
-0.15143269
-0.01585994
0.17457147
0.15668364
0.20197937
0.10996190
-0.13843897
0.03840863
-0.05506434
-0.18545377
0.18376367
-0.05420843
0.26140764
0.08027254
0.02584354
-0.07384901
0.36031553
0.17573373
-0.10779189
0.05026601
-0.00530659
-0.34970820
-0.24445532
0.04196321
-0.22583653
-0.25938120
-0.02662868
0.00884229
0.07066463
0.15844089
0.34208298
0.21120621
-0.07562775
-0.20651504
-0.00244509
0.02085994
0.13435602
-0.07877148
-0.14052841
0.06503530
-0.39198369
-0.58546495
0.09677295
-0.23137391
0.00445003
-0.00192399
0.23842822
0.20123579
-0.19911410
-0.01209890
-0.11749530
-0.26622558
-0.25163105
-0.38061672
0.36267579
-0.14747840
0.12526663
0.05150278
0.20389687
-0.02243200
0.19675092
0.19677538
-0.09139044
-0.12172082
0.18385950
0.32347187
-0.07252016
-0.06932940
0.05699272
-0.13375914
-0.04507587
-0.01983961
0.05914151
-0.19811900
-0.16228667
0.02947926
0.02303079
-0.18501337
