-0.07184690
-0.02727326
-0.01471306
-0.01019477
0.05196654
-0.04519158
0.02795678
0.01527625
-0.05822920
-0.02013931
-0.10638572
-0.08697346
0.04770164
0.02671546
-0.00100005
-0.08014540
0.02631967
0.02308789
-0.00968007
0.00998790
-0.06363530
0.03363578
0.03466270
-0.04158102
0.04501723
-0.02152096
-0.01789590
-0.01604376
0.00146094
-0.02860952
-0.12282939
0.02108708
-0.08480524
-0.10706431
-0.04688640
-0.08292430
0.05192554
0.03310608
-0.00504273
-0.13658397
-0.04530577
-0.08590244
-0.01243858
-0.00430788
-0.05968862
0.02096584
-0.09276678
0.00019898
-0.00530272
-0.11807632
-0.07275207
-0.07779846
0.03186504
-0.09867036
-0.09070282
-0.10075685
-0.02063892
0.02736309
0.00997886
0.03370116
0.04202550
-0.05481206
-0.04450863
-0.00487308
0.00545285
-0.02399017
-0.08121420
0.03416288
-0.13951918
0.00187934
-0.00037635
-0.03224597
-0.09306617
-0.10990648
-0.12256364
-0.04132671
0.01353062
0.03181396
-0.08884376
-0.05807123
0.05272279
-0.06622548
-0.13645369
-0.00379820
-0.07501739
-0.07566696
-0.01563968
-0.07303662
-0.07306323
-0.05907579
-0.08788455
-0.00616961
-0.10827189
-0.00522810
-0.05263368
0.00148011
0.00605102
-0.03067188
0.01723149
0.02409761
-0.08375329
-0.08830298
-0.00121085
-0.03293582
-0.06828648
0.00373047
-0.05856139
0.05011455
-0.12158021
-0.06799725
-0.01884919
-0.09207426
-0.08297388
-0.06572405
-0.08176041
-0.07515190
0.02845383
-0.03871607
-0.04476876
-0.03362209
-0.06212769
-0.05755225
-0.09215916
-0.09952632
-0.07966556
-0.00679279
0.02573605
-0.04059551
-0.15412487
-0.02713471
0.15444955
-0.07990729
-0.01937347
-0.07362417
0.08972684
0.29232329
0.13189276
0.13199340
-0.18406215
-0.06752314
0.15807599
0.08160673
-0.10800552
0.08435687
-0.26733616
-0.49807554
-0.07961184
0.08763755
0.37711576
-0.56278318
0.02018699
-0.16743724
0.08465753
0.17018208
0.19378118
0.04325368
-0.27368698
0.07961642
-0.10223734
0.03733690
0.33086970
-0.23526695
0.21663077
-0.03247737
-0.06697357
-0.04430045
0.06132475
-0.04429744
0.14646909
0.13163938
-0.30378926
-0.27574328
0.03844984
-0.09367336
0.02244250
0.00209743
-0.10522109
-0.56330210
0.03317923
-0.02075985
0.16335095
0.04504032
-0.08488521
-0.08485157
0.08762965
-0.27976006
-0.10089973
-0.13048866
0.31341466
0.15046656
-0.02518693
-0.26225412
-0.09564985
-0.11670783
0.00080256
0.17075366
-0.04831721
0.24138060
0.26521447
0.05713471
0.08835945
0.19537811
-0.07481822
0.13474715
-0.01618503
0.15523882
-0.12840608
-0.06482028
-0.08917917
-0.27716956
-0.08104774
0.06331442
0.25824949
-0.15472768
-0.01559670
0.21695359
0.02272528
-0.00285916
-0.14952451
0.64744264
-0.10485893
-0.06700392
0.23040703
0.29971385
0.25118101
-0.28656265
0.11611825
0.13882650
-0.19585460
0.10069795
0.11764666
-0.06755356
0.06476128
0.04545506
-0.20224434
0.05561905
-0.05773561
0.01825495
-0.07198825
0.06521374
0.09761496
-0.52639073
-0.15055507
0.05985084
0.02744480
0.16641967
-0.13394397
0.13690974
-0.02391722
0.01559482
-0.34107408
-0.54411894
0.03226503
0.16224816
0.11906058
-0.15425445
0.06752612
-0.07248469
-0.08443912
-0.01565786
0.00181481
-0.00165453
-0.08670290
0.06970900
-0.04388006
-0.09721882
-0.04979426
0.03187752
-0.03851285
-0.04082439
-0.02639539
-0.10484873
-0.02075988
-0.07684658
-0.01083086
0.05891605
0.04127100
0.00349918
-0.02922818
0.08176311
0.02184081
-0.08377299
-0.08391435
-0.09518388
0.04696436
-0.12308469
-0.01092026
0.03142977
-0.11826561
-0.03383187
-0.03053891
0.02328125
-0.04515550
-0.11186927
-0.11209416
-0.00208639
-0.04263207
0.02558411
-0.06307653
-0.05693347
-0.02714418
0.01617003
-0.06647149
0.02116816
0.01768661
-0.09726134
-0.09537502
0.01957365
-0.12536035
-0.12056831
-0.04742023
-0.03717299
-0.00628471
0.03941226
-0.12359282
-0.08102345
-0.04871764
0.00916249
0.02496281
-0.09585262
0.00000597
-0.07364085
0.05152147
0.00886094
0.00764468
-0.10265531
-0.02851399
-0.01032323
0.03788599
-0.08322586
0.01922261
0.01152429
-0.03403052
0.01493344
0.02094105
0.01894025
-0.12598589
-0.08650216
0.01705865
-0.07491530
-0.04926147
0.02327983
-0.00813295
-0.03931005
-0.13066456
-0.04069308
-0.04183698
-0.10679134
-0.07160339
-0.01947262
-0.08186313
-0.06580047
-0.08489756
0.00765029
0.00372895
0.00394503
-0.04373171
-0.10377350
-0.07552761
-0.08171688
-0.11658562
-0.06100952
0.05497677
0.07632198
-0.06106069
-0.11326794
0.03928253
0.00821460
-0.10836095
-0.10714095
-0.03224153
-0.04440757
0.01358298
-0.02906910
-0.06013334
-0.01192314
0.06377378
-0.02363727
0.03278820
-0.03052508
-0.06938342
-0.10110111
-0.04647707
-0.05746769
-0.25391656
0.08318446
-0.05128332
0.02178193
-0.06833600
0.14929670
0.00689898
-0.35788384
0.01141643
-0.13065542
-0.08178674
0.14176951
-0.47815993
-0.14366663
-0.08056163
0.13039047
-0.08076138
0.24575429
-0.26726636
-0.05802192
0.05534036
0.04484234
0.01567278
-0.11064358
-0.07046857
-0.00834377
-0.04770321
-0.04728513
-0.27448744
-0.08773956
-0.28397828
-0.03822694
0.37823382
0.08653609
-0.03815294
-0.17858572
0.04023003
-0.17760538
0.16495840
-0.04216511
-0.01298541
-0.02628605
0.12354933
-0.10555966
-0.18896535
-0.10065647
-0.00098314
-0.02463161
-0.14353202
-0.16684121
-0.06964874
-0.10811790
0.24318731
0.26878557
0.16211015
-0.13193373
-0.02620617
0.20452905
0.06744131
-0.25973454
0.14957736
0.02448735
-0.65207654
-0.25808945
-0.19625469
-0.11344979
-0.34725377
-0.16978638
0.03716585
-0.00390217
-0.12200943
0.15529957
0.13419083
0.16206954
-0.07167376
-0.01666699
-0.12767132
-0.22628894
-0.77194184
-0.52319705
-0.03685509
0.06318848
-0.19669746
-0.56554782
-0.11992039
-0.07451310
-0.23007189
0.21057251
-0.11072422
0.14072274
-0.02636854
0.17132401
-0.00203994
0.13017568
-0.15334882
-0.13063832
0.26104215
0.26218307
0.08258979
-0.42261484
0.03863971
0.08262245
0.14939308
0.13760638
-0.15529467
0.17260398
0.13858578
0.17868310
-0.34179291
0.05662509
-0.09827568
0.38896200
-0.13029286
0.23291053
0.01011540
-0.01900862
-0.08881608
0.06629275
-0.09938997
-0.15288197
-0.46682876
-0.05540486
0.09020346
0.05410636
-0.01437596
-0.21470597
0.07351670
-0.00734998
-0.06890748
-0.16093062
-0.01515736
0.12437535
-0.21352188
-0.10626476
-0.10826558
0.12951346
-0.05875575
0.05565898
-0.25181311
-0.05365166
0.02998467
-0.09391497
-0.08072677
0.08503763
-0.16824970
-0.38108373
0.11566842
0.06549139
-0.48596045
-0.34253678
0.04574111
0.03897486
0.00051874
0.20737937
0.00429987
-0.16133675
-0.02913928
0.13864613
-0.25461051
0.19766437
-0.05940635
-0.23578826
-0.16601282
-0.02696158
-0.32855535
-0.26151764
0.17580180
0.01135240
-0.32317522
-0.30643940
0.09352732
-0.03752777
-0.08246493
-0.20331232
0.03119138
-0.24372286
-0.11992747
0.15097690
0.08252449
0.00757358
-0.43815234
0.15898933
0.00028980
-0.00793668
0.04867664
0.02106609
-0.22969425
-0.11608414
0.00571775
-0.13473676
-0.04878450
-0.18280900
0.06846043
0.06342780
0.15444134
0.06653225
-0.26220477
0.13166669
-0.00051493
-0.01365400
0.12854673
0.04148524
0.07828471
-0.12498684
0.21069455
0.01359457
0.14577255
-0.17086257
-0.02521855
-0.26431209
-0.15085657
0.09448262
-0.54104191
-0.17550270
-0.01048692
0.19972487
0.08298399
0.01248028
-0.18897802
0.16650775
-0.04769095
0.10794141
-0.12369724
0.22162881
0.05797904
-0.06601240
0.08764020
0.27045557
-0.30304396
-0.19511320
0.12198960
0.17880571
0.08265002
0.11555941
-0.14543812
-0.32740071
0.06083975
-0.17080557
0.02455548
0.17883144
0.02360827
-0.40604931
-0.15728188
0.10778272
-0.41903564
-0.15108296
-0.35271016
0.03792859
-0.16630724
-0.23686697
-0.20964597
-0.06450211
-0.07712254
-0.24058861
0.13191530
-0.01326101
0.10145381
0.05724646
-0.05543463
0.00686575
0.08997599
0.06157487
0.07845768
-0.02751251
0.40032163
0.11449467
0.10201839
0.12826388
-0.05193951
0.12332975
0.02408377
0.12723406
0.01229881
0.12390037
0.00235493
0.04158129
-0.38914779
-0.20329899
0.02504740
-0.02413915
0.02699325
0.20123363
-0.06435491
0.01897821
0.14693497
0.02196955
0.19612414
-0.12740472
0.46903971
-0.17401721
0.01176636
-0.04403509
-0.04419517
0.03522166
-0.00222982
0.17089722
0.11259783
-0.09152161
-0.31375787
-0.02013188
-0.07756011
-0.09603314
-0.08941182
0.09930441
0.00637254
0.25246936
0.16271603
0.01691698
-0.00414138
0.08548345
-0.09151893
0.01624646
0.00935354
0.10673644
0.07262608
0.09099957
-0.41277426
-0.39207345
-0.07407351
-0.04643268
0.14122851
-0.00213483
0.20567064
-0.10970543
-0.09005174
0.09549744
-0.03246812
0.19244763
0.32038781
0.09856945
0.20335224
-0.06885645
-0.01128936
0.19424589
0.13896848
0.08556388
0.00832091
-0.06612204
0.07231157
-0.17098981
-0.19223966
-0.26935652
-0.01923166
0.09011388
0.09404565
0.13880062
-0.03373142
-0.05710245
-0.18406413
-0.09449170
0.08277793
0.11128563
0.04407222
0.39555037
0.17953101
0.04220889
-0.10030692
0.17065516
0.04856602
-0.05142121
0.07987796
0.07229902
-0.02183404
0.08179294
-0.15781397
-0.24591188
-0.36667249
-0.11549444
0.03362397
-0.02570832
-0.00816019
-0.03083483
-0.17861624
0.04737837
-0.10852274
-0.11568187
-0.09149626
-0.06892095
0.05706034
0.13747352
-0.28382811
-0.42826828
-0.17765886
-0.24239518
-0.06842300
-0.01276918
0.07682608
0.05259387
0.00088962
-0.03719085
-0.04204078
-0.15149274
0.03893480
-0.01728923
0.01943365
-0.00774296
-0.05343392
-0.02769477
-0.00115695
0.01765919
-0.02972250
-0.00990672
-0.00081669
-0.02177879
-0.07864900
-0.04052588
-0.01631265
-0.05230803
-0.08841329
-0.13790469
0.05424415
0.01067535
0.06526631
-0.05073240
-0.07049744
-0.09150060
-0.03993076
0.04818369
-0.06444825
-0.03626329
0.01060676
-0.02150675
-0.00764288
-0.03987564
-0.02922095
-0.08166135
-0.05440136
-0.03378443
0.07610583
-0.06595036
-0.01771283
-0.08509995
0.06972699
0.01678606
0.01354650
-0.02647500
0.01923810
0.03298377
0.00764396
-0.04260451
0.08057205
-0.03474586
0.02281332
0.02181812
0.01313948
-0.09360404
-0.00091389
0.02599526
-0.07443993
0.02466415
0.07635926
-0.08205492
-0.01557620
0.02040874
-0.12313255
-0.04131858
-0.09537507
0.05676501
-0.07314893
-0.09135460
-0.05875646
-0.02042119
0.06050520
-0.05497774
0.04652216
-0.05348694
-0.01745877
-0.03579658
0.04111235
-0.05522405
0.00156222
0.04511913
0.00448825
0.02033276
-0.09283692
0.04714824
-0.05546688
-0.06060597
0.01920976
0.03020869
0.05039486
0.03287666
0.05251362
-0.08988360
-0.02988414
-0.06496687
-0.01227490
0.05621590
0.03870608
-0.05511877
-0.06629675
0.07703452
0.04494542
-0.02545063
-0.05646867
-0.01109801
0.00567922
0.02554222
-0.01650594
-0.08165456
-0.03770094
-0.08781016
0.04089674
-0.15290384
-0.07273355
-0.05316411
0.02861485
-0.01733887
-0.05640487
-0.06472078
-0.08770340
-0.06063594
0.06135957
0.03855677
0.07261302
0.07552354
-0.02005919
0.01649479
0.05322889
-0.06821908
-0.01028774
-0.01713197
0.01106594
0.05778370
0.02267222
-0.09434750
-0.07754986
0.01888337
-0.09371134
0.02104785
-0.00602679
-0.08112157
0.03145226
-0.10723611
-0.08890568
0.04970661
0.00633372
-0.03437639
-0.04593955
-0.04617180
-0.09486061
-0.02568391
-0.06122122
-0.00303621
0.09648273
-0.01688057
0.04756747
-0.07631964
-0.08850621
0.02896778
0.04945224
-0.10617281
-0.01237487
-0.09407163
-0.07003828
-0.00003790
-0.03032078
-0.05037046
0.01139877
-0.07854775
-0.07440101
0.02360823
-0.05606341
0.04019360
0.00425001
0.00087288
0.03573829
-0.07849576
-0.01681749
0.01029378
-0.03517845
-0.08981022
0.05011271
0.02587096
-0.02474427
-0.11244979
-0.03687038
-0.08886537
0.02743231
0.03705858
-0.01802180
-0.04975158
-0.07628804
-0.04922159
-0.08113576
0.04736846
-0.05378457
-0.03457727
0.05173966
-0.07608128
0.03910951
-0.03686935
-0.00061580
0.04478680
-0.06461967
0.02648798
0.01166141
-0.08632734
-0.04428282
-0.01038938
0.00335451
-0.08997241
0.03729248
0.02604777
0.05670321
-0.01665621
0.00391279
-0.00733959
0.03172123
-0.06182459
-0.06879868
-0.05283673
0.01120181
-0.02300897
0.02662319
0.00170986
0.04812817
-0.03985541
-0.08382785
-0.04847915
0.06705348
-0.09914347
-0.04852296
-0.07256306
-0.02744851
0.04657612
-0.07090500
-0.00237277
0.03887003
0.02471440
-0.11451215
0.01554847
-0.00827055
-0.07107764
0.01852540
-0.06476028
0.07307097
-0.03678811
-0.03519143
0.05451650
0.15946355
0.07799494
-0.18849793
-0.18998617
-0.20386785
0.06713197
-0.07745887
0.15468803
0.11118720
0.20262824
0.07878519
-0.03228306
-0.09028001
0.00835411
0.06074547
-0.06486144
-0.15215623
-0.11125234
0.27480626
0.25426257
0.16289189
-0.00573339
0.06518902
-0.15126657
0.06294444
0.04571928
-0.03084240
-0.06081036
-0.21611097
0.11493717
-0.04707803
-0.13849093
-0.03141754
0.01650207
-0.04240608
-0.11513562
-0.22296154
-0.05005623
-0.01771588
-0.02380059
-0.08545018
-0.23193619
0.16360243
0.15999158
-0.05199733
0.06730010
0.28555179
0.08874484
-0.07489191
0.04675935
0.06778459
-0.00764032
-0.01499907
-0.04306883
-0.08108207
-0.19273897
-0.03139452
-0.20903420
0.01268689
0.04846557
-0.20899595
0.08965483
0.19968124
0.02204529
0.48686019
-0.00399825
-0.00084185
0.34917766
0.08180990
0.03922073
-0.20705007
-0.18687141
-0.06786547
0.04503503
-0.27205932
0.02783478
0.07532410
-0.05070412
-0.29232055
0.04086970
0.09470911
0.01283939
-0.01683602
0.28361386
0.07936844
0.02751532
-0.07921764
0.02624314
0.12012939
0.21312284
0.09998304
-0.09257033
0.19854003
0.19388369
-0.12277832
-0.07049826
-0.61471587
-0.09911685
0.03603179
0.20640229
-0.05983195
-0.02586058
-0.05688759
0.30932754
-0.01220644
-0.06084543
-0.05409062
-0.09232357
-0.08159658
-0.17878334
0.09108516
0.08352058
-0.14113738
-0.21408404
0.07586668
0.27520800
-0.15967423
0.04639437
-0.02749218
0.07764994
-0.24516609
-0.08089553
0.11003503
0.04686593
-0.22185341
-0.16636410
0.07663604
0.08468692
-0.03818451
-0.07579201
-0.22766702
0.21962938
0.21157883
-0.11920533
0.08323645
0.12418529
0.19905376
-0.00278298
-0.13894850
-0.01170872
-0.06259589
-0.02238733
0.06301598
0.46612498
-0.28300098
0.06538770
0.21333019
-0.49024424
-0.17849211
0.02344497
-0.10031297
-0.09444080
-0.17625119
0.05016317
0.21171682
0.18557572
0.04274606
0.03736123
-0.00293531
-0.24760109
0.26207164
0.26548252
0.09087038
-0.26053309
0.07269426
0.03495322
-0.01013824
0.10827802
-0.14252494
-0.02978782
-0.00941477
-0.23781791
0.02176132
-0.12579089
-0.25494760
0.05523074
0.21759117
0.19942221
-0.15132819
-0.18987153
0.08093620
0.24865194
-0.06696136
0.09595158
-0.07276642
-0.06834280
-0.05201586
0.15411830
0.02135620
0.05405016
-0.23668011
-0.14322571
0.00775341
-0.21674208
-0.16833624
-0.18052432
0.13875051
-0.03502110
-0.04740540
0.04959439
0.08688423
-0.06384614
0.19038995
0.06389403
0.07933419
0.01987720
0.21526843
-0.11107700
-0.02466022
-0.04230597
-0.02015774
-0.06015127
0.01476395
-0.01482113
-0.09932580
-0.26326066
0.00611380
-0.03210007
0.00990993
-0.19463272
-0.04777053
0.08865305
0.16480634
0.00460754
0.08829802
0.25848025
0.13276939
-0.13961606
0.08673644
0.19896434
0.06842418
0.00515358
0.09034768
0.06392666
0.11373148
-0.15252985
-0.07650763
0.04104345
-0.04127819
-0.08095029
-0.27142218
0.04281235
0.14262600
-0.27023751
0.01528246
0.14875986
0.11111522
0.05496827
-0.19447738
-0.14935231
-0.13975044
-0.03753825
-0.13373256
-0.16065113
0.23104058
-0.10291478
0.79802847
0.14817221
0.14249077
0.01025079
0.10281387
0.02629580
-0.08052158
-0.13926008
0.18707426
0.10063542
0.03148498
0.21535605
0.21010552
0.02075936
-0.18355268
-0.06181156
0.27685523
0.01841193
-0.02168244
0.28387126
0.01713959
0.17176121
-0.05475200
-0.00272037
0.00997199
0.00786474
-0.11496051
0.07829806
0.07136610
-0.15765680
0.07955171
0.02730779
-0.09187593
-0.19667305
0.16070521
-0.03806071
0.00968103
0.03717829
-0.02427421
-0.30591571
0.07399269
0.02824591
-0.16345298
-0.03632744
0.05125416
-0.01310283
-0.00028567
0.15133460
0.03405403
-0.11362555
0.10646636
0.16936181
0.02453043
0.23217867
-0.02356284
-0.18449552
-0.05207396
0.02253121
0.14006008
0.06368008
0.01838712
-0.00382221
0.00395145
-0.15463944
0.49317005
0.42162284
0.38305369
0.28838617
-0.03671198
-0.02692473
0.18690589
-0.21109444
-0.02117432
-0.05996153
0.09453682
-0.18111119
-0.02530178
-0.15215929
-0.14213867
0.13386588
0.41890728
0.11235577
-0.13541897
0.10999175
0.04290680
0.02634825
-0.02099290
-0.14452432
-0.07353575
-0.00904559
0.18309213
-0.09618911
-0.12709916
-0.21182978
-0.07205127
-0.16111648
0.08426648
0.31859094
-0.02780706
0.13398063
0.02199843
0.03763380
0.12034638
0.19502856
0.04289874
-0.16412790
-0.00424806
-0.07066466
-0.08619296
0.12602097
-0.07377240
-0.11977491
0.32094043
-0.10239924
-0.31485036
0.12769939
-0.12707461
-0.04782642
-0.13441272
0.10118290
0.22421755
-0.02127644
0.01513230
0.21263333
-0.00298331
0.02408904
0.05372746
-0.06461419
-0.02419571
0.14757392
0.07950955
-0.09770091
0.20577267
0.17934498
0.11450751
-0.15108168
0.04640317
-0.14931965
0.01766049
0.08934207
-0.18874620
-0.01247742
0.03176504
-0.11766534
0.04709057
-0.04131072
-0.14298691
0.11415883
-0.11327603
0.14830980
0.16100615
0.13626105
-0.12324787
0.22306789
0.10632786
-0.02109619
0.10332518
0.04952177
0.00051727
-0.01060200
0.06667481
-0.13459620
-0.00171536
-0.05412574
0.13297588
-0.22433212
0.00268876
-0.06063047
0.03474754
-0.10249703
-0.01758144
-0.05464115
-0.05726833
-0.09493852
-0.15953642
0.00913899
0.42485437
0.30241439
0.02328976
0.09801862
0.06772523
0.04259916
0.14527148
-0.00033310
-0.03654359
-0.04693991
-0.05641378
-0.08134526
0.21746741
-0.00198372
0.01506915
-0.08462511
0.10506824
0.16998504
0.00606015
-0.01917532
-0.00481416
0.18523286
-0.08465927
0.09686965
0.02417757
-0.02659298
0.03495447
-0.17942108
-0.28244019
0.06352406
-0.25003004
-0.02690962
0.17905429
0.18159613
-0.20623302
0.06170677
0.02177588
-0.20385700
0.15164281
0.28474173
-0.09499931
-0.09643112
-0.04847249
-0.20709343
-0.11078363
0.06284719
-0.07368275
-0.33645824
0.30000240
0.26285017
-0.21259460
-0.38885865
0.37963757
0.11323027
-0.08253967
0.01376817
0.19640860
-0.04055212
-0.01304692
0.12930155
-0.07997870
0.05651229
-0.10606182
-0.10828985
0.12937291
0.09791142
-0.09177063
-0.08123730
0.10137276
0.02192337
0.09382901
-0.31793058
0.17236811
-0.03282227
0.12789038
0.09453659
0.01983862
-0.02310089
0.06010757
0.08434053
0.52296436
0.18465719
0.07841355
0.31396490
0.02890581
0.09965817
0.03718065
0.39296615
0.27096564
0.00491981
0.06647629
0.06627060
0.00071926
-0.28497627
-0.07202357
-0.10865097
-0.10814942
0.04017258
-0.29979020
0.25927505
0.09050786
-0.11408954
-0.11583902
-0.12643141
-0.04174373
0.05245677
0.07474495
0.25245282
-0.37907043
-0.08192515
0.08573658
-0.22152080
0.06035135
0.05382048
0.16480359
0.18895689
-0.47349748
-0.27550903
0.11223132
-0.00560507
0.10475779
-0.16265653
-0.14576040
-0.00850681
-0.25722298
-0.20401885
-0.02896045
0.05521047
-0.49024761
-0.53405827
-0.04944789
0.00544516
0.01271649
-0.03932268
-0.07630888
-0.09475422
0.09564918
0.07400754
-0.02014648
0.00618730
0.24369869
0.17817213
0.09779522
-0.10805873
0.38155052
0.07649631
0.24462028
-0.28778702
-0.20068277
0.10737246
0.14631109
0.11879073
-0.01875570
0.17450064
0.08133599
-0.02642188
-0.08616889
0.06886590
-0.09077691
-0.00256588
-0.00296754
0.06135891
0.01092919
-0.26977223
0.04016566
0.06106108
-0.00162629
0.09988768
-0.19765134
-0.06081678
0.06761038
0.20952202
-0.21943550
0.07319679
0.11162114
-0.07432123
0.34353852
-0.54715055
-0.25732312
0.13492870
-0.12337691
-0.23408225
0.06154533
-0.42950207
0.09070957
0.06744932
-0.06865937
-0.14678778
-0.31675008
0.06922855
0.01568895
0.19208182
0.18525143
-0.21800128
-0.06391764
0.12105867
0.31286496
0.34827384
0.03255351
-0.06619481
-0.06607531
0.07066466
-0.05755628
-0.18992640
0.27090049
0.12859617
0.10960226
0.15473452
-0.08382790
-0.01243063
-0.01172590
0.01985600
0.05136229
-0.07353201
0.00101099
-0.10124020
-0.07816836
0.02337169
-0.09178132
-0.02922446
-0.00087612
-0.03520536
0.00179555
-0.05647059
-0.02965748
-0.08061469
-0.09052011
-0.01191544
0.03549847
0.02646308
0.01398944
-0.04294640
0.00573295
-0.05808333
-0.04875026
-0.05754929
-0.03981755
-0.02737954
0.01386698
-0.09463285
-0.04142417
-0.02705086
-0.02281025
0.02843837
0.00232435
-0.10128297
0.01878119
0.01545949
-0.11236627
-0.07942824
0.02507859
0.02331557
-0.05355600
0.02548742
-0.00946168
0.05443820
0.01699739
-0.09441788
-0.09039719
-0.08851920
-0.05898033
-0.01062368
-0.07608858
-0.03673032
-0.02102601
-0.10921209
0.01961079
-0.10179000
-0.01205363
0.04575213
-0.05892807
-0.09022827
-0.03208319
-0.01197599
0.02944736
0.00986153
-0.02017431
-0.06303847
0.04141518
-0.06234205
-0.05843835
-0.07454026
-0.09952198
-0.03694434
-0.01271337
-0.02940433
-0.05250294
-0.06977526
-0.08127722
0.02344767
-0.01376214
-0.07006937
0.04294163
-0.11729578
0.02614706
-0.06174815
-0.10437489
-0.09425935
-0.03961781
0.01200889
0.00942944
-0.04710903
-0.07366765
0.01374320
-0.13278638
-0.04723575
-0.11061143
-0.04251463
-0.04338090
0.03289364
0.01448453
-0.08383398
0.02951929
-0.03806759
-0.03760528
-0.02119103
0.03678272
-0.00492446
-0.01277976
-0.03947813
0.02202433
-0.03313150
0.01435304
0.02676545
-0.05639187
0.00870193
-0.09015294
-0.05911720
-0.05644623
-0.09740855
-0.02011152
-0.09459133
-0.01047259
0.03198276
-0.09793010
0.06149630
-0.05138091
0.07606523
0.02570734
-0.39335430
-0.09811166
0.00890357
0.09479109
0.16547172
-0.35074103
-0.00506730
0.07565603
-0.05209627
0.15521848
0.18009728
0.04386485
0.23533171
-0.05659854
-0.08671048
0.19968735
0.05088558
0.21744215
0.05639390
-0.16407479
-0.39410928
0.03515575
-0.24218617
-0.04448976
-0.09608600
0.02037546
-0.06403690
-0.04330572
0.00546782
-0.30476454
0.01215701
-0.05044629
0.09396198
-0.15710996
0.22408503
0.24790637
0.05907420
-0.02138564
0.08729788
0.04054466
-0.06987332
0.18306741
-0.14300883
0.11814539
-0.13507652
-0.09016449
0.02327024
0.06119729
0.10061822
0.21050291
0.00275320
-0.23954439
-0.19993217
-0.22493349
0.08875942
0.04843406
-0.08884166
0.08243833
0.08447847
0.06298862
0.01371544
-0.03839966
0.20677580
-0.03000511
0.01567183
0.06677417
0.17161329
0.05771271
0.02799959
-0.35681215
0.10539781
0.00325993
0.00607572
0.15072891
0.13566431
0.15351817
-0.11399873
-0.10684308
0.04220010
-0.02888252
0.02368994
0.21254994
0.32176462
-0.07618894
0.21237199
-0.04478007
-0.02366865
0.03867809
0.15518248
-0.20569721
-0.10025139
-0.06804631
0.12605135
-0.15198623
0.02540762
0.13547811
0.34227863
-0.09375682
0.11013866
0.07416854
-0.07466041
-0.11202222
-0.08121047
-0.10723725
0.05518536
-0.07809447
0.15530679
0.00915247
-0.04849541
-0.27051684
-0.10988428
0.00644363
0.15321872
-0.30437750
0.01293684
-0.05100859
-0.14527580
0.03908761
0.17487884
-0.08263304
-0.16605604
0.06244492
0.28923506
0.03979241
0.24095277
-0.07239531
0.03705472
-0.10063864
0.00294421
-0.02502156
-0.15522823
-0.13052721
0.06809113
0.00930493
0.17227992
0.06213946
0.21584488
0.06793842
0.03177620
0.07226873
0.10197130
-0.53274977
-0.25341988
0.11716822
0.05128041
0.37204230
0.14933732
-0.15854499
-0.08035909
0.15514383
-0.15392981
0.19693366
0.12023735
0.21049523
-0.04471611
0.04942137
-0.10794225
-0.08094462
-0.29026583
-0.06724707
0.17224912
-0.14152944
-0.05482351
-0.03422378
-0.06779791
0.27706131
-0.01429998
-0.19680527
-0.07702579
0.04647182
-0.03490313
0.05293831
0.04337605
-0.09562564
-0.02395985
-0.01627026
-0.03986032
0.13527827
-0.03709398
-0.08533601
-0.00491733
0.09538195
-0.04236486
-0.07297318
0.02795908
-0.12760840
0.19842611
0.10714117
0.18328585
-0.09495813
0.02795304
0.10870896
0.25516394
0.04501405
-0.00974138
0.07898826
-0.05278923
-0.29962558
-0.07934330
-0.01516999
-0.03032941
-0.03122322
-0.09526132
-0.06175237
-0.01218851
-0.16869074
0.02670593
0.13119638
-0.13667722
-0.02402775
0.38807258
-0.04150810
-0.20220090
0.11933167
-0.02079987
-0.05627996
0.10376154
0.13104999
0.03127969
-0.08227556
0.20463562
-0.39220425
-0.18067783
0.13129570
0.33472049
-0.13659008
-0.04280561
0.10217192
0.25046781
0.13370065
0.11403036
-0.02146432
-0.02690509
0.07655562
0.10435713
-0.07762500
0.23141785
-0.32573301
-0.13505428
0.04775558
0.07918135
-0.10111680
-0.24235640
-0.02815093
0.09579353
-0.09203845
0.03033019
-0.06626007
0.08287433
-0.26523784
0.03004942
0.06624394
-0.01396963
-0.05770605
0.02474092
0.04233745
-0.08216993
-0.06157092
0.04780237
-0.05511664
-0.00720062
-0.07099616
-0.02138214
-0.01699775
-0.03250674
0.02812959
0.00050795
-0.05502812
0.02354620
-0.05797973
-0.07628647
-0.09135214
-0.00441719
-0.00393089
-0.12916845
-0.07450376
0.00015026
-0.09368787
0.04556157
-0.12407077
0.01575804
-0.08898635
-0.09910251
-0.04695839
-0.04282295
-0.09958374
-0.00125426
0.03490616
0.04310184
-0.03376753
0.06689136
0.02119800
-0.12517470
-0.02099853
-0.01449743
-0.01808937
0.04662741
-0.07105638
0.02742423
-0.06527626
-0.03174932
0.05945841
0.02372311
-0.09417048
-0.10280644
0.04063702
0.00075399
0.02352488
-0.00344830
0.04743222
-0.01915152
-0.04818046
-0.05793415
-0.00355388
-0.08859786
-0.04957171
-0.07559636
0.00227241
0.03492419
-0.08112384
-0.07228773
-0.00589865
-0.10083663
-0.02878475
-0.05759902
-0.07380236
-0.07541998
-0.07593866
-0.05137227
-0.08489063
0.01582205
-0.05296512
-0.07659993
0.01834637
-0.10048749
0.03273755
-0.01368512
-0.01726000
0.03896418
0.01133902
-0.05152838
-0.10855015
-0.03572250
-0.05183847
-0.08842872
0.00931553
0.00420046
-0.03163755
0.06641593
-0.00851659
-0.02306078
0.04678907
-0.07165441
-0.10488348
-0.06582467
-0.08247578
0.00626398
0.02095621
-0.04368451
-0.02502905
-0.07429718
-0.04899800
-0.05365569
0.01850468
-0.09645344
-0.10104255
-0.00518389
-0.08341450
-0.02421430
0.03949451
-0.02347685
-0.07297158
0.02081676
-0.03864953
-0.02391973
-0.07156003
-0.03836076
0.07674972
-0.03984498
-0.04992288
-0.04674730
-0.39402616
0.05817423
-0.08828054
0.03586630
-0.14444600
0.10705873
0.06622073
0.16440101
0.23836614
0.03897931
-0.03300542
-0.04714929
-0.10765652
0.14720805
-0.05300393
-0.31897768
-0.09198699
0.06232449
-0.11291166
-0.02238082
-0.05957315
-0.13667063
-0.06674338
-0.14906263
0.07345953
0.10233674
-0.07377034
0.01947416
0.13255000
0.17049025
-0.02189420
0.18757890
0.03710103
0.46032760
-0.15119691
-0.10919731
0.21449763
0.10479842
-0.08887202
0.11037898
0.06259094
-0.01385001
0.26979318
0.08548392
0.01580681
0.06040939
-0.04879532
-0.26364371
0.00462451
-0.24586383
-0.14361557
0.07455745
-0.48208463
0.07512728
-0.00128268
-0.07433688
-0.09147442
0.09525377
0.05223186
0.10912511
-0.05969825
0.16069894
0.12594578
0.17835799
-0.00342180
-0.04050127
0.12299962
-0.03546918
-0.09869406
-0.04374870
-0.10945846
-0.12659587
0.05382348
-0.16494599
0.05313904
0.11559256
0.11223240
-0.15115345
0.14791037
-0.05495524
-0.19326939
-0.02163585
0.23611243
0.33787015
0.07548039
0.06764150
0.20471585
-0.05183989
0.09866002
0.01665841
-0.25144348
-0.08017677
0.15440293
0.09251375
-0.18538411
-0.01264037
-0.15400729
0.01853324
0.00791461
-0.03248706
0.03040107
0.02122119
-0.08734037
0.21020226
0.16097446
-0.07175388
0.10605840
-0.06696446
-0.03629794
0.05492646
0.19692189
-0.19772203
0.14495045
0.07958713
0.08446525
-0.10446289
0.03669223
0.10638473
0.03043936
-0.05889251
0.27713838
0.24290800
-0.03988467
0.05915254
-0.15542622
0.03536506
0.03948339
-0.19577241
0.03728426
0.17917292
0.13402039
0.09148727
-0.19086075
-0.03247380
-0.01977157
-0.28256637
0.16555072
-0.06885249
0.07668316
0.11070096
-0.12630950
0.07678520
-0.02197552
0.00010038
-0.27318141
0.37809992
0.08219314
-0.00966002
0.05967672
-0.10860566
-0.08171624
0.07176037
0.02624300
-0.00928372
0.01974748
0.03927298
-0.08442117
-0.09368496
-0.06225505
-0.05246082
-0.24191917
-0.05328494
-0.17145383
0.24400464
0.31056008
0.18614475
0.08906358
-0.12520038
0.06319194
0.02816529
0.13099539
0.09471455
0.07627665
0.08553258
0.12868659
0.06532736
0.33508357
0.09872686
0.14317277
0.11332288
-0.19590725
-0.15696156
0.10561850
-0.10093576
0.17390527
0.02686988
0.04139745
-0.06558526
-0.09982897
0.13802998
-0.04166462
0.18014029
-0.05304756
0.17551355
0.00973887
0.27039704
-0.52943015
-0.09281282
0.02078380
-0.07127057
0.01936962
-0.24757265
-0.05619932
-0.09794204
-0.15237504
-0.19468442
-0.34778923
0.13334052
-0.02801430
0.17530085
0.02210553
-0.16936199
0.01959459
0.00038119
0.09115714
-0.10671449
-0.10621003
-0.08580603
0.19819476
0.06454572
0.28728613
0.15755604
-0.21518864
-0.02799112
0.68015176
0.06102409
0.02534497
-0.04739198
0.16375312
0.00288790
0.00122532
0.15735321
0.19256265
0.13901645
-0.10580439
0.00497175
0.07907502
-0.02415292
0.09534223
-0.00304587
-0.08030192
0.01767803
0.10653257
0.09503690
-0.06540725
0.03250052
-0.14744250
0.14007619
0.27965897
-0.03179304
0.19156843
0.17957361
-0.36022276
-0.03183114
-0.00021036
0.20533036
-0.19233264
-0.12125096
0.08273650
0.12846950
0.29596168
-0.17012365
0.05503472
-0.07465088
-0.15087236
-0.21518701
0.01710906
-0.06399283
-0.07110721
0.09672480
0.01026811
0.09212471
0.15560962
0.02174265
-0.19705348
-0.46036121
-0.16529495
0.06657484
0.02150721
-0.02082658
0.14264219
-0.16116150
0.05966163
0.05841583
0.53323197
-0.05635585
0.24267240
0.04559623
-0.05078039
-0.03177738
-0.09720217
0.02330630
0.07591008
0.14414577
-0.04773611
0.04370348
0.15864627
0.35540694
0.02602913
0.10702655
0.08521882
-0.14360593
-0.15251994
-0.06875253
-0.02315029
0.03394375
0.03702607
0.03227847
-0.18533406
0.02177107
0.19502869
-0.05557824
-0.08984086
-0.04596673
-0.05733462
0.08639667
-0.08618394
-0.01755489
0.13040932
0.05266685
-0.25167874
-0.21492431
-0.24842222
-0.26087761
-0.05455626
-0.10898474
0.06440848
0.01641756
-0.27018923
-0.20312844
-0.09381706
0.13821542
-0.07421367
0.07903682
0.13852409
0.17959666
-0.14280169
0.19686218
0.20355174
-0.23889905
-0.13965712
0.18632598
0.13779625
-0.29012293
-0.00755257
0.14504945
-0.04739220
0.24067172
-0.15036555
-0.22629081
-0.11620255
0.43973619
0.15516087
-0.07658187
0.10345791
0.02258196
0.11962675
-0.02528246
0.09732808
-0.28448570
-0.06700311
-0.02914258
0.05832584
-0.17034589
-0.01015498
0.13729551
0.00357238
0.07154374
0.07285592
0.07873623
0.07975235
-0.11470950
-0.03462621
-0.00948269
0.01471940
-0.04596499
0.24773586
0.02450334
-0.04901101
-0.13596961
0.27504584
0.16946986
0.03376270
-0.03443645
-0.07602762
-0.44676125
0.02442135
-0.05398673
-0.10023975
-0.25241643
0.06088043
-0.06268568
0.24282645
-0.08614428
-0.09290265
-0.60945201
0.08126573
0.21828641
-0.33124733
-0.43911234
-0.12534007
0.30645722
0.04005422
-0.26861012
0.06032986
-0.24166830
-0.03022314
0.17999929
0.17859709
-0.01466103
-0.01560432
0.02063527
0.06752092
-0.11618174
0.11432677
-0.14462873
-0.18084492
-0.17645143
0.13560991
-0.07859768
-0.02232703
-0.08603191
0.00333287
0.03121437
0.03085057
0.26872361
-0.09033389
0.01185283
0.03087231
0.01803375
-0.15471590
-0.27506489
-0.16192149
-0.07289094
-0.11505989
-0.01817909
-0.04620491
-0.01493396
-0.01974725
0.16516981
-0.20854141
-0.05032779
-0.01070995
0.02426350
-0.00481088
0.06476512
0.03209784
-0.08518698
-0.01469408
-0.30179951
-0.01111268
-0.35887396
-0.07459087
-0.25616908
0.19031358
-0.00936576
0.09932394
0.01730318
-0.09681322
-0.07032211
-0.09982940
0.16445391
-0.28655124
-0.09428804
-0.12849522
-0.18659046
0.06687269
0.11177178
-0.03277262
-0.24873918
-0.23532887
0.11936004
0.08480049
0.18138438
0.03634042
0.01653222
0.10786162
0.00627177
-0.22528778
-0.20149451
-0.32620966
0.00979755
0.22451055
0.08985656
-0.10075573
0.11342572
-0.01226679
-0.00808702
-0.00867743
0.05342012
0.16341123
-0.00703160
-0.02829687
0.05385604
-0.01697830
-0.41108143
-0.11233359
0.04687816
-0.00814977
0.21534926
-0.10171583
-0.05297239
-0.05024528
0.16625822
0.07258894
-0.11843549
-0.09476582
-0.02122316
0.35825476
-0.08237478
-0.17701988
-0.29635435
-0.30961105
-0.18606883
0.13136248
0.08660241
0.19328018
-0.18481785
0.08036371
-0.02748027
-0.32382274
0.12143341
-0.07945956
-0.12286136
0.16971907
0.01887090
0.07716092
-0.04293808
0.00183480
-0.06346001
0.06201401
0.06401837
-0.05425271
0.13627987
0.01830984
-0.04530311
-0.00988720
-0.19602901
0.11832538
-0.05409639
0.09562564
0.03513956
0.02192853
0.08634064
-0.26792869
-0.02352403
0.15546757
0.25633165
-0.06552732
-0.05261109
0.14690246
0.04579946
-0.17448121
0.10822331
0.00979313
0.10595565
-0.24352965
0.07288530
0.10083354
0.04389943
0.23765169
0.38107213
0.09872389
-0.24082848
0.12217459
-0.19252263
0.06879184
0.13200405
-0.12519310
0.00623059
0.11910653
-0.05447223
-0.16732240
-0.11595987
0.04010162
0.14048325
-0.31370664
-0.34212062
-0.30027494
0.08327082
0.22605510
0.09171222
0.04805555
0.03312016
0.02078724
-0.00306130
0.03710517
0.09537923
0.21611226
0.09615725
0.05379592
0.00519668
-0.13135567
-0.15509877
0.07416189
-0.04487814
-0.21136674
-0.00291437
0.02424211
0.02707610
0.11034975
0.08740845
0.14422911
-0.00650580
0.09377997
0.14101686
0.07916653
0.38938633
0.23951158
-0.20850347
-0.16306058
-0.17384288
-0.07050025
-0.09980443
0.05158619
-0.30288872
-0.37464422
-0.05923246
-0.06977206
-0.31505334
0.04472184
-0.02091631
0.19709402
0.09208582
-0.28706923
-0.00688414
0.13669811
0.05411581
-0.26195636
-0.12358772
0.02179235
0.09626827
-0.15756074
-0.23686182
-0.19317959
-0.18489844
-0.01980862
-0.06439226
-0.12147822
0.19105732
-0.17251623
-0.10045157
-0.16508260
-0.09212688
-0.13620232
-0.06967168
0.08305724
-0.27515903
-0.36040771
0.11545762
0.01138650
0.16391815
0.21655324
-0.18945476
0.07963111
0.11059837
0.24399546
0.10067520
0.06114810
0.03498460
0.47248974
0.17420574
0.03137387
0.01878311
-0.53565675
-0.16802877
0.22629274
0.16820772
-0.30931178
0.39503855
-0.04618150
-0.45399481
0.17210957
0.00987558
0.00844312
-0.10555937
0.00070950
0.13296306
-0.13274680
-0.09591817
0.10602379
-0.19066012
-0.23848163
-0.15141332
-0.35782281
-0.23089729
-0.26059538
0.07845284
-0.13953768
-0.21996184
-0.09118778
0.02034385
0.00359320
-0.06606217
0.01881325
0.03154045
0.39313900
-0.05875627
0.03272507
-0.02745841
0.06309156
-0.09305900
-0.11635164
-0.40492553
-0.17711355
0.03645714
-0.07008279
-0.09125903
0.10018034
-0.07407653
0.02036341
-0.12982550
-0.10735791
-0.12460385
-0.03304874
-0.09379252
0.51193792
0.43904448
0.33076775
-0.44927207
-0.01351057
0.12053418
0.05086001
0.14305975
0.09275733
0.01436346
-0.00975698
0.13159220
0.16836627
-0.00778197
0.03700048
-0.16035318
-0.13008389
0.17318453
0.22354904
0.28481427
0.10917475
0.03290933
-0.17297739
0.32406822
-0.32991970
-0.02622905
0.07751679
0.22790211
0.05774464
0.09413024
0.09001042
-0.07278413
-0.05355490
0.06291291
-0.35926786
-0.31448537
0.16259162
-0.00387335
0.07910559
0.19262101
-0.08792409
0.02637990
-0.03697360
0.05470794
0.02134965
-0.31400773
-0.15310931
0.05222742
0.03136823
-0.06026376
0.12288751
-0.23602222
-0.15713137
-0.06260817
0.04238379
0.16665559
0.18095908
-0.00397054
-0.00373529
0.09995937
0.21383399
-0.14436510
-0.22284760
-0.06451378
0.09553296
0.04734285
0.11373367
0.54074723
0.00967911
0.08297242
0.27523956
0.11183566
-0.00765328
-0.25438625
0.05497469
-0.07015473
-0.14838514
-0.00409615
-0.03132199
-0.02824173
-0.10019085
0.07118355
0.07282829
0.01953724
0.14676799
-0.26813245
0.03433596
-0.13823146
-0.06419881
-0.09920123
0.05727299
0.24684681
-0.16140765
-0.35025918
-0.43893287
-0.34486011
-0.05831439
-0.07192008
0.01550410
-0.08259887
0.28524724
0.08583951
-0.02982349
0.12649746
-0.06894538
-0.01759782
-0.09750286
0.08091206
0.18512416
0.06642417
0.02965152
-0.03521250
0.29171932
0.13039319
-0.15119910
-0.06630872
0.12442675
0.11643087
0.02627854
-0.10973377
-0.09656914
0.18487783
-0.18445282
0.01795250
0.01744985
-0.02430314
0.16701664
-0.00351405
0.01660402
0.18838213
0.24263027
-0.37678462
0.02097300
-0.06685164
0.06772485
-0.08088057
0.07656030
-0.11962235
-0.44566920
0.37784940
-0.10760419
-0.10523114
0.10534740
0.25619596
-0.04442734
0.12789834
0.16563395
0.18332605
0.12678371
0.28202006
-0.21713774
-0.05668397
-0.08750189
0.39192504
0.07569591
-0.09447873
-0.08601711
-0.09745619
0.12392282
0.05041433
0.06830101
0.16213457
0.04313545
0.06976523
-0.16429196
-0.01711201
0.03782655
-0.00489500
0.01649034
0.01497282
-0.02361656
-0.23324557
0.03295646
0.21381553
-0.06349893
-0.15703043
0.20920533
0.12601277
0.16939297
0.11341776
-0.03279812
0.07884453
-0.08257920
-0.02520342
0.00242471
-0.00961578
-0.04341203
-0.01172203
-0.05183282
-0.00725722
0.01896056
0.03805311
-0.04885197
-0.01086705
0.00208636
0.01404965
0.06171512
0.06988208
-0.06869579
-0.02850056
-0.06955722
-0.09197639
-0.04860179
-0.05423292
0.03154436
-0.06519944
-0.08429063
0.06699777
-0.01997924
0.02115045
-0.03805587
-0.02306428
-0.07044035
0.03988341
-0.05620211
-0.07017511
-0.07509281
-0.08166198
0.07186531
-0.00008615
0.02133504
-0.01601930
-0.06994069
-0.05459287
-0.05035271
-0.08774964
0.00201980
0.04152424
0.04102170
-0.02553530
0.02113964
0.07623923
-0.06774791
0.03998582
0.02633412
-0.04129919
0.05626582
0.06919867
-0.09087854
0.06244184
-0.03617416
-0.07799584
0.04357553
-0.05391999
0.04343166
-0.03752115
0.04780427
-0.06896100
0.02171260
0.00609339
-0.06800665
-0.06311294
-0.01837311
-0.07770065
-0.00400748
0.07535171
-0.03461570
0.07801648
-0.03806207
0.03612525
-0.01984156
-0.08162269
-0.05323298
0.05638304
-0.02341031
0.05560952
-0.02169514
0.05426195
-0.02367536
-0.07068385
-0.01502472
-0.06376005
-0.05159790
-0.00584918
-0.07788658
0.00915474
0.06939788
-0.00954986
-0.06533542
-0.05962529
0.01616124
-0.00256740
0.01065404
-0.09269846
0.05094374
0.00833556
-0.01922253
-0.01981053
0.07391380
-0.08263871
0.02600612
0.01961171
0.05783286
-0.08832725
0.06648469
0.05741579
0.08256964
-0.02137235
-0.07624298
-0.07981168
-0.07143681
-0.01929470
0.06293494
-0.08849987
-0.01973990
-0.05827292
-0.02179730
-0.09330443
0.01780998
-0.07551821
-0.10044570
-0.04437497
0.02207906
0.18730912
0.13867371
0.09593744
0.03976274
-0.01315682
-0.07030678
-0.13137402
-0.06641567
0.05867260
-0.01573276
-0.06999800
-0.36276627
-0.07737762
0.11732966
-0.12219013
-0.07423840
-0.05703185
-0.12189164
-0.03858955
-0.21508072
0.12305030
0.13142754
-0.06751949
-0.29666135
0.07713461
0.12566507
0.03686227
0.03933062
0.42420268
-0.02279559
-0.15831965
0.16401047
0.06764391
0.24577844
-0.17788434
-0.08238511
-0.16964994
0.26633430
0.15314509
-0.07837422
0.10395990
-0.07543722
-0.09978923
-0.12982583
0.09834482
-0.10855231
0.03063492
-0.07224419
0.07441851
-0.09960431
0.02189205
0.25369826
0.07534754
0.02710066
-0.17958668
0.23900826
-0.28750688
0.17711838
0.13733467
0.16476010
0.03622885
0.04342578
0.08669924
0.08880894
0.06725622
-0.13152662
0.00409765
0.05478183
0.04644903
0.19642165
0.06358946
-0.04351148
0.09376355
0.26161519
0.01350847
0.04025144
0.03976331
0.09498806
0.40185380
-0.02430356
-0.02654685
-0.04343618
0.00125601
-0.07577087
-0.17206925
0.09326714
0.14196987
0.07434631
-0.02274237
0.12397262
0.24059659
-0.34750926
-0.05979482
0.19550739
0.17657566
-0.08401500
0.03719272
-0.10025933
0.03752000
0.06112362
0.06430926
-0.05518505
-0.01096896
0.16327339
-0.02826922
-0.14978942
-0.54731256
-0.05723350
0.12683696
0.11466947
-0.02236402
0.11802783
-0.02892929
-0.05076357
0.08947447
-0.14961693
-0.27776220
-0.11031976
0.00169709
-0.19606747
-0.39509493
0.02643571
-0.11247128
0.00206446
-0.12222835
0.02473365
0.13431296
-0.08918892
0.10076922
0.10633201
0.10777979
-0.09707072
0.17704187
0.10551883
0.00713591
-0.12250384
-0.01971398
0.03207758
0.00741880
-0.01949980
-0.43687737
-0.22401407
0.11373725
0.23786491
0.22105776
-0.06677119
0.05413942
0.01165354
-0.02548771
-0.04613460
-0.03985491
-0.19745995
0.09113099
0.18427156
0.02471384
0.12654802
0.17105542
-0.11996469
0.16863139
-0.06378171
-0.13362037
-0.22272664
0.11266704
0.16664407
-0.08487022
-0.40852863
-0.00375891
-0.15069425
-0.31629118
0.01448090
0.15424171
-0.36393023
-0.41171035
-0.12422585
0.05352570
-0.02826060
0.00575541
0.13324998
0.25134367
0.32332027
0.02960869
0.04197834
-0.08006433
0.16570543
-0.00275677
0.00877396
0.05957614
0.12304461
0.16265990
-0.00863468
-0.17799963
0.33028591
0.10288600
0.15535042
-0.06490003
0.08814430
-0.14291854
0.01998546
0.11295023
0.13754146
0.10303011
0.25738081
0.16712019
0.14786789
0.08500818
-0.02989404
-0.11291138
0.12640193
0.11776619
0.19250652
-0.03652406
0.14269434
0.00291953
-0.02541194
0.06786295
-0.13233349
0.07632271
0.15522465
0.30376849
-0.55676556
-0.15907757
-0.12336738
-0.15593533
0.02759358
-0.00836368
0.15995409
-0.00909478
0.17185345
-0.14268264
-0.13312282
0.00712841
0.06417183
0.01687881
-0.04973439
0.06079190
0.15685186
0.02492872
-0.08944476
-0.04602003
0.18945794
0.01374291
-0.06981988
-0.09073189
-0.16064753
0.09239465
-0.10053091
0.07523696
-0.06494720
-0.23138562
-0.14160901
-0.13509524
0.06643408
-0.22511762
0.13551778
0.10636040
0.00939781
-0.08473094
0.01033931
-0.26585063
-0.08046283
0.01990803
0.10378840
0.24929705
0.12895727
0.19949640
0.08367212
-0.08358257
0.04234475
0.52780956
-0.02002860
-0.10902708
-0.05312400
-0.48727846
0.08415413
0.07405627
-0.02608853
-0.28904673
-0.06467329
-0.08244480
-0.19574201
0.04042393
-0.02893043
-0.21830621
0.07150753
0.12515491
-0.14670247
0.02906247
0.14021659
0.19251730
-0.01696963
-0.08423932
0.27162924
0.08533914
-0.01891314
-0.13777922
0.03084485
-0.14002517
-0.03093015
0.13002792
-0.00361228
0.19906966
0.29648912
0.11955990
-0.11045337
-0.09776492
0.11836759
0.01381949
0.12985770
0.17870767
0.01478488
-0.21110873
0.12493215
-0.00891700
0.02915916
-0.22396870
-0.16310450
0.05022076
0.17238744
-0.18128952
-0.57612634
-0.19461873
-0.00627192
0.04570356
-0.00806727
-0.04407001
-0.07431083
-0.26623306
0.06333233
-0.09339938
-0.24385500
0.08795777
-0.05943147
0.15113890
0.11726106
-0.25307247
-0.14341901
-0.20174192
-0.08247484
0.20203692
-0.04083206
0.01533245
0.00233018
-0.22255474
-0.12025321
-0.03346861
0.04740493
-0.30094799
0.31021526
0.07951443
0.16974390
-0.12883125
-0.18287084
-0.00630439
0.07386319
0.10710734
-0.14771509
0.15000093
-0.03743296
0.20175931
-0.07041125
-0.02142703
-0.04051897
-0.35262150
0.02478820
0.19268145
-0.01579639
-0.08562713
0.30928400
0.12323212
-0.02895766
-0.01466837
-0.02789479
0.05625921
0.13480431
0.04283257
0.19385654
0.24610507
0.04456401
0.17533089
-0.39970124
-0.05295341
0.01314831
-0.09846559
0.26031497
0.10110497
-0.08250616
0.20935859
-0.03722841
-0.10065068
0.00810126
-0.71690381
-0.01147956
0.18832523
-0.02029933
-0.04937244
0.08432351
-0.13872047
-0.04994836
-0.02060674
-0.08549339
-0.07538500
0.07333572
-0.13762486
0.26120284
-0.05297797
0.06853920
-0.26415890
0.04968212
-0.05723996
0.10987344
-0.20046070
-0.40176716
0.03998023
0.21246636
-0.27563453
-0.02461075
-0.16944733
0.30247223
-0.08339886
-0.05347225
0.18612941
-0.12701273
-0.10532806
0.09099070
-0.01918947
0.05590257
-0.04148089
0.09663226
-0.03015427
-0.11111976
0.00671248
-0.13537873
-0.13942540
0.02002935
-0.16904438
-0.17092049
0.12335065
0.16811083
0.10635500
-0.10205222
0.02384100
0.04853749
0.11092400
-0.24935007
-0.30842808
-0.06844977
0.10613472
0.31553450
0.19267161
0.10534471
-0.19979946
0.04634598
-0.02941069
0.01494917
0.26335305
0.40324062
-0.02991826
0.00095820
0.02349969
-0.08330633
-0.13456663
-0.14408624
0.13763380
-0.07529102
-0.14045148
0.03716056
0.27085212
0.02229654
0.13864096
-0.03932771
-0.25130078
0.04714174
-0.30492136
0.24357736
0.31202105
-0.01025820
-0.23795457
0.04014104
0.24086328
-0.29781699
-0.09990115
0.07763176
0.24423398
-0.19369295
0.04835495
-0.08311557
-0.16544820
-0.00859185
0.11651222
-0.13627608
0.15105736
-0.07394801
-0.18929298
-0.06118992
-0.11115153
-0.07625143
-0.04791389
0.05021879
0.07336962
0.08422368
0.01972849
0.08529486
-0.29246119
-0.09521669
-0.01670888
-0.21643151
0.00241237
-0.07739207
-0.04366516
0.05914996
-0.00250981
0.17851610
0.09275343
-0.02875313
-0.17393818
0.11160246
-0.09494378
0.10682006
-0.03367157
0.15232000
0.12350821
-0.03604275
0.03955769
0.24062803
-0.09559248
0.12904845
-0.11522739
-0.10038846
-0.04790111
0.04214224
0.12558523
-0.34283134
-0.08503094
-0.16867162
-0.19302261
0.34101045
0.01335867
0.11885066
0.26580167
-0.07047717
0.14753748
-0.19306722
-0.00736303
0.03911015
-0.02216255
-0.05957980
-0.21978487
0.21437165
0.08998146
0.11313034
0.23180756
0.03891419
0.03836422
0.05986355
-0.06369855
-0.00805038
-0.02703856
-0.11016918
0.27610373
-0.10732763
0.32524177
0.01327377
-0.15940243
-0.33195430
-0.22764474
-0.00286327
-0.00774652
-0.13366066
-0.05003900
0.07068344
0.23247053
0.01710163
-0.04712251
0.11942775
0.20466331
-0.03905270
-0.01937023
-0.23913476
0.09971162
-0.22340854
0.08427563
-0.07135560
0.01534482
0.11851642
0.08400057
0.03833569
0.24152988
0.01564110
0.12479000
0.24196984
0.06234306
-0.01921198
0.01295412
-0.06530473
0.01250613
0.07967696
-0.03272070
-0.05741942
-0.23686105
-0.10813276
-0.13879836
-0.11503237
0.14749525
-0.19598934
0.14058547
0.12338481
0.32944968
-0.00840084
-0.04166388
0.01075939
0.17687026
-0.11940104
-0.05556096
-0.16423911
-0.18187995
0.06687331
0.16596709
0.08480820
-0.30216411
0.01903896
-0.08352717
0.03688468
-0.03580980
-0.15282045
-0.20100340
-0.02278973
0.14217517
0.53930563
-0.14564355
0.24179657
0.19406529
0.02903844
0.07186039
0.07202628
-0.08481234
-0.06574212
0.02003114
-0.07009232
0.06320329
-0.03376449
-0.07764707
-0.09284956
-0.12152594
-0.06321871
-0.04527568
-0.09318032
-0.10374105
-0.02875236
0.00293385
-0.06715320
0.07706825
-0.06930273
-0.09186547
-0.00796090
-0.00973145
-0.12244947
0.02901226
-0.11243160
-0.09211596
0.02760801
-0.09769522
-0.10664920
0.03359453
0.01899122
-0.08939895
-0.10693531
-0.04990730
-0.03378152
-0.12320306
0.02031946
0.03211227
-0.00996951
-0.08826704
0.05907299
-0.10477670
-0.00155991
-0.01594914
-0.05093612
-0.11199359
-0.09005813
-0.02043569
-0.11793597
0.01286660
0.07010461
0.03445510
0.00566217
-0.04596906
-0.05796925
0.01428401
-0.07388911
-0.07920276
-0.08982110
0.03137415
-0.08468083
0.03884272
-0.00080556
-0.05286536
0.04512533
-0.08866423
0.03682603
0.02507659
-0.00897408
0.05756929
0.00773301
-0.01786785
-0.05854097
-0.09099863
-0.07131924
-0.04529471
0.02604213
-0.04490285
-0.01028564
0.07147074
-0.07536449
-0.05267645
0.05832349
0.05368286
-0.01163349
-0.08732504
-0.01158999
0.00421607
-0.01749508
0.03429053
-0.09037613
-0.00764925
-0.00557546
-0.07855136
-0.09689196
-0.09951369
-0.05530101
-0.06904504
-0.02568467
-0.07415536
0.04189338
0.04311051
0.04765699
-0.05977568
-0.09194352
-0.01310345
0.00529920
-0.08018738
-0.08235314
0.04661605
0.01804290
-0.10448895
-0.03252825
-0.03532774
0.02598447
0.05338077
-0.00057215
0.01923148
-0.04957955
-0.06779997
-0.01279333
0.04305468
-0.02924193
-0.04164374
-0.07580425
-0.03403918
0.04462750
-0.01794022
-0.10445830
-0.08068910
-0.13441026
-0.04156609
-0.06063414
-0.11748964
-0.17691687
0.11378869
-0.02052996
-0.01921746
-0.10839725
0.12957500
-0.03609709
0.05777700
0.01348788
-0.03061139
0.06765799
-0.14112844
0.25270408
-0.13278115
-0.12450597
0.24872161
0.25642440
0.00129427
-0.06246113
0.08809225
0.22317041
0.08824573
0.12131194
0.04911682
-0.00028062
-0.09422396
0.10643546
-0.03176616
0.05321416
-0.15596783
-0.08703282
0.03640451
-0.03127947
-0.28045535
-0.19542417
-0.01216233
0.01881046
-0.04491260
0.16912739
0.12137736
0.06790134
0.04270446
0.13746865
-0.09003488
0.09018033
-0.11204658
0.08860805
-0.00157453
0.19895554
-0.28186738
-0.05665720
0.17565726
0.08244661
-0.03193621
-0.13322927
0.05970851
-0.07689293
-0.08208574
0.10358806
0.09190758
0.04137016
-0.04562667
-0.19078614
-0.05712038
0.11987580
-0.03283793
-0.31308627
-0.00482680
-0.06578474
0.03213101
-0.14282176
0.02043805
-0.01459693
-0.08613367
-0.06002058
0.01403214
0.18760912
0.20943010
-0.01291574
0.02402545
0.00918199
-0.08897095
-0.03890109
-0.16317584
0.11454359
0.24006085
0.07944818
-0.06492940
0.13628855
0.12760450
-0.13426143
0.22771546
-0.06928971
-0.11664997
-0.10289288
-0.00455209
0.21886566
-0.15039724
-0.10302374
0.00839491
-0.18703887
-0.02210040
0.06813996
-0.10715429
0.15420127
-0.20150959
-0.03263496
0.06704776
-0.00363851
-0.14203158
0.14364095
0.06980696
-0.12031330
-0.02495363
0.05413828
-0.02820317
-0.26210302
-0.14436223
-0.09635972
0.04559990
-0.03193909
-0.06021428
-0.10921860
-0.07864631
0.22002776
0.02156958
0.06610933
0.05022890
-0.10651997
-0.07001130
0.07477196
-0.17456824
0.20113526
0.16363172
-0.17099252
0.00826835
0.17253582
-0.00448326
0.02513850
-0.10632732
-0.11992554
0.27331305
0.04733171
-0.10952483
-0.12892130
-0.06360450
0.03892263
0.19527848
0.11132405
-0.12031541
0.08380613
0.14129201
-0.15301073
0.09421276
-0.09189971
-0.03607627
-0.14835317
0.15069722
0.05921588
0.07934397
0.30737299
-0.06167995
-0.16492394
-0.12651265
0.00487727
-0.04039844
-0.09976958
0.12627433
-0.01971806
0.07913624
0.11389198
0.13302523
0.32633284
0.25368193
0.11714873
-0.01828713
-0.09618731
0.03483261
0.14038223
0.27244875
-0.05242143
0.01240243
0.01315590
-0.14765741
0.11160431
-0.06295807
-0.02302586
-0.04077233
0.09888242
0.13738675
-0.03568891
0.14752354
-0.11350221
-0.21461257
-0.09677148
0.04937259
0.20534962
0.12122748
-0.18571095
-0.19090274
-0.15869044
-0.08822680
-0.17962238
0.04124237
0.13591331
0.02898539
-0.00574293
0.09023841
0.04311470
-0.09570446
-0.05935131
-0.24570951
0.01865721
0.00204545
0.15437588
-0.11145862
0.09649974
0.29628882
-0.05938452
0.07057731
0.28076032
-0.08727198
-0.06773070
-0.13658457
0.31225422
-0.15785977
0.04391341
0.03212893
-0.11904348
-0.00229379
-0.18624514
-0.08155680
0.06698205
-0.04694894
-0.06043311
0.01016711
-0.04669681
0.11604062
0.10512336
0.04095988
0.38360351
-0.01801118
0.06247154
0.08927421
-0.06931926
-0.07253085
0.00523654
0.07927050
-0.02774013
-0.11293807
-0.04912389
-0.09032057
-0.13973959
0.23782040
-0.30386806
-0.51838058
0.11284160
-0.01006333
0.10090210
-0.03846865
0.00663499
-0.00062857
0.13019684
0.03939297
-0.19148669
-0.10751121
-0.14914963
0.01820609
-0.01510587
0.28041115
0.16753475
0.14626546
-0.06809945
-0.04422383
-0.48863035
-0.09303487
0.18823683
0.07549508
-0.27341989
-0.00770831
-0.09638209
-0.36386484
0.06363723
-0.16096002
-0.04894100
0.10835098
-0.12386249
-0.29056728
-0.06080288
0.15801837
0.10958511
-0.03263130
-0.04990620
-0.02544117
0.04820758
0.09037433
-0.07005346
-0.01331105
-0.27035454
-0.16476060
0.11410153
-0.17295015
-0.08145998
-0.28826863
0.13670658
0.05429847
-0.28343213
-0.05493185
-0.29575813
-0.26005712
0.12820031
0.13480398
-0.29059952
-0.06082955
-0.06991616
0.01450027
-0.07135341
0.00690942
-0.46514860
-0.33816028
0.08965116
0.05744454
-0.12861222
-0.22338802
-0.10234506
-0.13674867
-0.01622618
0.01586621
-0.42373410
-0.38804153
-0.10926130
0.16268957
-0.10599118
0.02961138
-0.12455745
-0.35189992
0.11584083
0.11451387
0.11989288
-0.06693432
0.13107891
0.11359144
-0.01778632
0.10367929
-0.30561239
-0.05368913
-0.00381624
0.12423606
-0.00603666
0.14696625
-0.24495193
-0.51169312
0.06648459
-0.08614999
-0.17348397
0.16465668
0.03546258
0.04739274
0.14854300
0.00592544
-0.05383084
-0.14698476
-0.06640311
0.08799541
0.04099400
0.13967635
-0.05613972
-0.56614745
0.13762541
0.07534966
0.15507308
0.11533299
-0.12602957
-0.01394973
0.11160593
0.07739240
-0.28657225
0.12223466
-0.22215773
-0.09225553
0.12837613
0.05441665
-0.06144156
0.56916732
-0.15337335
-0.04154805
0.07836083
0.18485925
0.04486639
-0.05697882
0.15865305
-0.03639220
0.21108744
-0.00482743
0.05755169
0.11134002
-0.01366454
0.14903715
-0.02779664
0.04078817
-0.17945246
-0.07173947
0.08423743
0.14373790
-0.00258086
0.06924798
0.05772498
-0.01818070
0.01840212
0.02933984
-0.22480464
0.04544389
-0.13627951
-0.26451215
0.07065492
0.13281426
0.07008171
0.01648234
-0.24633367
0.19705914
-0.11212936
-0.00615831
0.08461671
-0.07004263
0.07226657
-0.10301591
0.06156708
0.26178131
-0.06544373
0.15453555
-0.07456832
-0.17478174
0.28792024
-0.06708503
-0.01524708
0.15074012
0.29035750
-0.07952729
-0.00623142
0.00368045
-0.01737217
-0.03238786
-0.07632303
0.00326393
0.05615904
-0.11694045
-0.11657039
-0.20795199
-0.07863715
0.01900821
0.03657448
0.11595583
0.03856517
0.01020018
0.08761702
0.14603198
-0.18088484
-0.05576485
-0.12999864
-0.06379967
-0.14637646
-0.15646392
0.01946238
-0.25676626
-0.09111011
-0.12979393
0.09586798
0.24853744
0.14986534
0.15365762
-0.12117791
0.21809790
0.14154422
0.12364728
-0.36684445
-0.07684074
0.29683325
0.06225577
-0.06245933
-0.54054546
-0.23833787
-0.03723673
0.12878764
-0.06957280
0.14812587
0.10181522
0.07729162
0.23390748
-0.06785686
-0.25155115
-0.05117434
0.30576646
-0.16099624
-0.02794044
0.20631550
-0.00950140
-0.00807498
0.10432370
-0.06307603
-0.05678793
-0.43864670
0.03653503
0.08148692
-0.27047944
0.20554280
0.14071248
0.00390775
0.25929731
0.45686835
0.14777499
-0.03583375
-0.06402619
0.24261856
0.15154597
-0.23079500
0.01564277
0.02441482
0.10434727
-0.04326069
0.05163850
-0.00965892
-0.03197728
0.09445200
-0.16128331
0.50464314
0.02043665
0.01930389
0.16083547
-0.03724974
-0.04810512
0.14120959
0.14606875
0.14104798
0.05332476
-0.10137564
-0.02479480
-0.00079588
-0.03958428
-0.21962526
-0.06936082
-0.02499974
-0.28533101
0.22896941
-0.07310847
-0.29595703
-0.16009189
0.01119766
0.11146835
-0.15413900
-0.07247913
0.12124283
0.18473464
-0.03796065
0.17534949
0.17669517
-0.02934875
0.00469451
0.02857764
0.10978369
0.07597761
0.10016207
0.21078970
-0.06780376
-0.10964140
-0.03499450
0.16073318
0.07955126
0.30984673
-0.13929953
-0.00292452
-0.05398949
-0.17323731
0.35903218
0.02645065
0.18468294
-0.00097190
0.16630039
0.16794506
0.01469253
0.01374052
0.23882331
0.12264837
0.10709070
-0.05918054
0.32517684
0.06061536
-0.02001337
-0.03485958
0.20871277
-0.14793287
-0.01470179
0.08084486
-0.18424107
-0.10999643
0.10751615
0.17227931
-0.00486435
0.00465630
-0.11812889
-0.03096430
-0.09599669
0.10217890
-0.12976135
-0.22625895
0.05987521
0.16670635
0.13446479
-0.00107649
-0.43639955
-0.07022863
-0.07189652
0.10198370
0.05240306
0.08457030
0.23070674
0.04821399
-0.18949863
-0.16053985
0.09571558
-0.06767747
0.27467570
-0.19813077
-0.11167916
0.20329642
-0.17106970
-0.06468424
0.01621723
0.02989025
0.04413866
0.04942539
-0.06073987
0.11772305
0.04231077
0.03629531
-0.06153157
-0.18254520
