-0.14493836
0.00332015
-0.16048357
-0.26906288
-0.42434537
-0.18495980
0.10739813
-0.16465715
0.02970780
-0.00493682
-0.12467604
-0.02935628
-0.17390351
0.12884527
0.11761493
-0.17004648
0.06406115
0.11768736
-0.37255025
-0.13327901
0.24486126
0.19144332
-0.29022661
0.16005723
0.07447129
-0.13906553
-0.13574623
-0.10579113
-0.17893910
-0.19062683
0.05643156
0.09384862
-0.04824087
0.13544886
0.16019604
0.17733833
-0.12526591
0.26719147
0.13869281
-0.22324874
0.11232095
-0.17209354
-0.10715590
-0.02328532
-0.07957885
-0.35228941
0.07279141
0.12882586
0.32284084
0.04427844
0.25424802
-0.11625222
-0.03749177
-0.25251833
0.06208958
-0.10184057
0.15133853
0.03987458
0.04192051
0.12548350
-0.06181811
0.03679297
-0.11981281
0.29847294
0.02020669
-0.08063658
-0.10107157
-0.02674425
0.04243075
0.02677173
-0.06765977
-0.09966119
0.08661032
-0.31105578
-0.12691978
0.34668475
-0.37445462
0.00545406
-0.08107015
0.04086071
-0.03246092
0.11033868
-0.19792786
0.06378862
-0.03418585
0.10418688
-0.18619335
0.17931654
0.00067856
-0.00547134
0.15482016
-0.11360348
-0.18806744
0.06079085
-0.25696069
0.12416112
0.13097867
-0.00120714
-0.12707087
0.19859532
-0.24889971
-0.31931153
0.14403282
-0.04570958
0.16287589
0.08027142
0.19835918
-0.23850273
0.14875066
-0.32196680
-0.17051609
-0.17388235
-0.31784895
-0.20275378
-0.02882116
0.13002740
-0.23505625
-0.05600484
0.01023743
0.14701007
-0.10980037
0.01264904
-0.16442516
-0.00363714
-0.19185591
0.07319523
0.10372074
0.19067898
0.15201911
0.09193556
-0.29445568
-0.29137939
-0.04652376
0.00502572
-0.11911572
0.08291604
0.01113574
0.16599603
-0.10128635
0.03434037
0.10921100
-0.23127206
-0.15831819
-0.04665745
0.01926761
-0.23597769
-0.03776884
-0.17674272
-0.27447808
0.07824559
0.15434034
-0.05766466
-0.00130403
-0.31134784
0.07889862
0.02656473
0.14673834
0.09362227
0.07724064
0.15355709
-0.04045589
-0.11296896
-0.10255095
0.00868233
-0.34370908
-0.24464887
0.27192482
-0.07154041
0.08519641
-0.24092647
0.23533879
-0.00475680
0.06361503
-0.19689061
-0.00628199
0.08331791
-0.06351637
-0.24363256
0.11017136
-0.08914975
0.05967120
0.15617265
0.07034220
0.22794609
-0.47334495
-0.14207090
-0.06176272
-0.02918319
0.06529626
-0.06982958
0.10513230
-0.22750448
-0.18832324
-0.01124948
0.13990460
0.17038628
-0.06581195
0.18326855
0.01304315
0.00011157
0.00108615
-0.11038008
-0.34574410
-0.06410436
0.16132626
0.03290164
-0.14070725
-0.23976554
0.21635415
0.18665200
-0.10107747
-0.01706340
-0.23281978
-0.16665857
-0.27318767
-0.01607829
-0.07716807
-0.16931388
-0.14443691
0.03257356
-0.20370808
-0.09319908
-0.03647672
0.06432726
0.16674323
0.04135325
0.15339504
-0.18189365
-0.11198578
-0.06151134
0.10321924
0.06288514
-0.12761490
-0.18010566
-0.13908683
-0.35573891
-0.04487794
0.14138232
-0.08801696
-0.10749239
-0.13986458
-0.10051312
-0.33079842
-0.09951164
-0.05463638
0.11500912
0.02971446
0.06786416
0.01284759
0.02197103
-0.09464143
0.25248024
0.01022265
-0.12327145
-0.01682612
-0.33823800
-0.38157722
0.11542919
0.14459594
-0.08657719
-0.12356628
0.11817590
0.10067888
0.06024212
0.06175603
0.08340887
-0.10991033
-0.12829441
0.08544234
0.04914994
-0.08316748
-0.07903052
0.03284703
-0.12630923
0.13658309
0.11569188
0.07620668
0.09595425
0.15916531
0.22741424
-0.07740975
0.02239811
-0.14339201
-0.16569640
0.04217822
-0.03067005
-0.11076391
-0.41911939
0.13102145
-0.09080573
-0.06251495
-0.20587726
-0.24671623
-0.40349159
0.08513876
0.11214679
0.16388789
-0.10627528
0.06425263
-0.07286110
-0.20785853
0.00214073
-0.10211571
0.11390650
-0.05404317
0.05345928
0.09227062
-0.17883471
-0.16746159
0.16064472
-0.30552757
-0.27457681
0.01375433
0.18089482
0.09767216
-0.25747031
-0.24572212
0.00286224
0.10962559
0.15629058
0.15723304
-0.22844970
0.04292686
-0.03927688
-0.09552845
-0.16045809
0.04165747
0.14525688
-0.44305408
0.13254297
0.11956816
0.02333496
0.00135773
0.05293604
-0.22595608
-0.11378685
-0.29274246
-0.09859815
0.20747957
0.10530186
-0.12614310
-0.01790010
-0.16730140
0.14248516
-0.02729134
0.18406002
0.20449597
-0.35325104
0.04837865
-0.09092971
0.06802811
-0.13954534
0.20443216
-0.03864767
0.03604574
0.10909238
-0.02635532
0.05150184
-0.03259923
-0.16842867
