-2
-4
-31
-8
-9
-10
-5
-4
6
-3
1
7
3
6
-4
-2
7
3
5
-4
8
6
-12
3
-4
-1
0
-3
14
-9
15
1
1
-8
2
5
-9
-13
-9
-5
3
0
2
3
4
-7
-5
-7
-1
7
5
4
-1
-1
0
-4
3
1
15
12
-5
1
-1
-1
0
-1
-12
-5
-8
-13
-4
1
-6
-3
6
-11
-4
-8
3
6
4
-8
-4
5
7
11
9
-1
7
4
4
6
1
-6
-1
3
-3
-4
1
0
-10
-6
5
7
6
-2
-5
-5
4
-14
-5
4
4
-6
-2
-1
1
-3
-2
3
-1
3
-4
-3
7
-3
-1
5
-12
-7
8
2
-5
6
-2
4
-1
-4
5
-3
2
-3
-8
-10
4
-5
-5
-6
-16
-12
1
3
5
3
4
4
-9
1
1
6
-12
6
-9
-8
-4
1
-6
-6
6
1
0
4
3
-1
-1
0
1
-9
-9
-12
-6
3
3
3
-3
3
-1
6
6
-1
-5
-1
-2
2
-10
5
-6
1
1
6
-7
15
4
-5
-2
0
2
-2
9
-8
2
-1
-7
-1
-13
7
